1.073256925711979665e-99 4.845897740491638501e+02 2.188254246077470933e-01 3.626002330308865373e-02 6.352550178410197077e+02 1.958832837428103448e+04 9.114436202443133084e+01 6.007388606821971280e+02 2.267447936331691835e+03 -9.999896780029255972e-01 -4.526234650840414188e-03 3.963426438332381821e-04 -1.904371014413322937e-03 3.383349758690114562e-01 -9.410238134472233007e-01 -4.125198012853630546e-03 9.410148549856164335e-01 3.383401032064536906e-01 2.490159404568128565e+00 1.737885010996624624e+00 5.012156385565789130e-01 8.356516357682418350e-02 4.147424984708234064e+01 2.075168006618910255e+01 2.075163945969348589e+01 2.079676430476834170e+01 2.158845799336505666e-01 1.721032495606858448e-01 1.567239327940026655e-02 1.567239217821348590e-02 1.567238226827377331e-02 1.013837936057270378e-01 7.236809836491031600e-02 1.014816079221920048e-01 2.323999999999999955e-01 1.445563017392658967e-01 1.445562915823303540e-01 1.445562001767479454e-01 9.351262438777800945e-01 6.674963087663897676e-01 9.360284465977638524e-01 2.476274544563331070e-01 6.983612202287147255e-03
1.301481534200561156e-99 4.842040632968993918e+02 2.677947975931454505e-01 4.788044968836123329e-08 1.287218353466846111e+03 7.942714850045784260e+03 9.114437201492121687e+01 1.064022593880927161e+03 1.287218353467023235e+03 -9.999964284142426330e-01 -2.672668845773829883e-03 7.512880108553681613e-10 -2.672668845773615211e-03 9.999964284139462034e-01 -7.699529941113356953e-07 -1.306544052506061091e-09 7.699522521022485754e-07 9.999999999997036815e-01 2.490193944584480956e+00 1.737908903687547468e+00 5.012227674001067390e-01 8.356633472948556129e-02 4.147424164149092007e+01 2.075167454009868351e+01 2.075163393362479525e+01 2.079675875833696708e+01 2.158845698420351067e-01 1.721032661476613601e-01 1.567229306082547693e-02 1.567229195989234755e-02 1.567228205223527432e-02 1.013834501783940079e-01 7.236782470058439332e-02 1.014812643175939388e-01 2.323999999999999955e-01 1.445558395491766401e-01 1.445558293945481965e-01 1.445557380097278188e-01 9.351260661123664830e-01 6.674959187746082323e-01 9.360282700819418933e-01 2.477547847401342651e-01 1.096168380886030497e-02
1.309447510206231484e-99 4.841917592107853920e+02 1.062539221811019119e-01 1.039025540061121709e-02 2.000019027830734899e+02 2.209497325746853676e+04 9.114453736202673895e+01 1.962634495887348862e+02 1.196773888834224181e+03 -9.998819660759302730e-01 -1.534381353399735977e-02 7.882273567781327133e-04 -3.798412499710724331e-03 1.971618560037316226e-01 -9.803635930610875571e-01 -1.488710779883370243e-02 9.802508709118283869e-01 1.971968663493114393e-01 2.489633740932521100e+00 1.737518181512510251e+00 5.011086237208385308e-01 8.354791585686763278e-02 4.147428562640050131e+01 2.075158308122680495e+01 2.075154247511254013e+01 2.079666696281432436e+01 2.158844028211704957e-01 1.721035406697490611e-01 1.567063444811667150e-02 1.567063335138123292e-02 1.567062348150054241e-02 1.013777663261894307e-01 7.236329547751739477e-02 1.014755775314548358e-01 2.323999999999999955e-01 1.445481901102727840e-01 1.445481799938270473e-01 1.445480889526254420e-01 9.351231239800876782e-01 6.674894642154790558e-01 9.360253486309421111e-01 2.456655326958533947e-01 5.297413954313930778e-03
1.671467255752343644e-99 4.837032661375264979e+02 2.091579764949029821e-02 1.613343073091347279e-01 3.113226399163061160e+03 3.264852185008826564e+04 9.114464725936065292e+01 1.736069493144379408e+02 6.125760109924736753e+03 -9.998252043169322256e-01 -1.869629872458299785e-02 -9.605522497105028058e-05 -1.867012054499733731e-02 9.986719692238671398e-01 -4.801796002913250733e-02 -9.936857855258273385e-04 4.800777333438050604e-02 9.988464678257787943e-01 2.489357819155373797e+00 1.737325637611707885e+00 5.010523257369062788e-01 8.353890253279654121e-02 4.147430816246664165e+01 2.075152229386095115e+01 2.075148168798570225e+01 2.079660595169599091e+01 2.158842918112896248e-01 1.721037231300101833e-01 1.566953210938287072e-02 1.566953101543714505e-02 1.566952117066201799e-02 1.013739886009822760e-01 7.236028519306401952e-02 1.014717978560953776e-01 2.323999999999999955e-01 1.445431059552034214e-01 1.445430958641354680e-01 1.445430050513170361e-01 9.351211684667497526e-01 6.674851741965455165e-01 9.360234068633095372e-01 2.446393866573202680e-01 7.045643264551071892e-03
1.798130933926962289e-99 4.835570743006567227e+02 7.622379189802824806e-02 1.049499068003780945e-07 7.878799052599218840e+02 8.274653591712245543e+03 9.114446125059589576e+01 3.155147661725826538e+02 7.878799052604921371e+02 -9.999560968008746054e-01 -9.370403980623531401e-03 -3.111248011484881441e-09 -9.370403980620604922e-03 9.999560968007366046e-01 -5.249750000652932179e-07 -8.030339248083137527e-09 5.249227983325779079e-07 9.999999999998622213e-01 2.489998557174892380e+00 1.737772556630254650e+00 5.011828266320136338e-01 8.355997761303320115e-02 4.147425974852713892e+01 2.075162518084261265e+01 2.075158457456280914e+01 2.079670921739460709e+01 2.158844797030744500e-01 1.721034143036074548e-01 1.567139791752245742e-02 1.567139681885482139e-02 1.567138693158569990e-02 1.013803826717408069e-01 7.236538032753019045e-02 1.014781952275623650e-01 2.323999999999999955e-01 1.445517112432892493e-01 1.445517011092675441e-01 1.445516099098941021e-01 9.351244782900932639e-01 6.674924353378738351e-01 9.360266934210917933e-01 2.470248509446063556e-01 9.592744233095619466e-03
2.981792623224455898e-99 4.825454204692711073e+02 5.156499745853774241e-01 2.725374024235934043e-08 1.214749718499346955e+03 7.928435958775504332e+03 9.114445039427432960e+01 1.214749718499336723e+03 2.045134583354197730e+03 -9.999990401358469505e-01 1.059202110801596240e-09 -1.385542271067165699e-03 -1.385542271067318355e-03 -1.630127247867510517e-07 9.999990401358332948e-01 -8.333400731975631696e-10 -9.999999999999864553e-01 -1.630140358859781997e-07 2.490211762536242102e+00 1.737921351166105799e+00 5.012258148972057459e-01 8.356710810987945381e-02 4.147425754564898881e+01 2.075163118582747046e+01 2.075159057952405561e+01 2.079671524448320241e+01 2.158844906692914123e-01 1.721033962791003180e-01 1.567150681828533357e-02 1.567150571934208467e-02 1.567149582959265208e-02 1.013807558607580372e-01 7.236567770616068873e-02 1.014785686092152667e-01 2.323999999999999955e-01 1.445522134883462928e-01 1.445522033518175653e-01 1.445521121298828926e-01 9.351246714639555035e-01 6.674928591298235903e-01 9.360268852370672299e-01 2.478231334090478799e-01 1.944453692225935845e-53
3.005623293025213454e-99 4.825293998811781648e+02 3.577233237096192481e-02 2.209529830428381622e-02 5.096975510749874161e+02 1.364467147809234484e+04 9.114461239891167565e+01 2.050856523033949657e+02 6.068288319388586842e+02 -9.998873712175723183e-01 -1.496916658240616746e-02 -1.081171328208459887e-03 -1.431085251263165478e-02 9.726568442608901632e-01 -2.318056574219202193e-01 -4.521546192893492397e-03 2.317640769495459829e-01 9.727615166399987690e-01 2.489665353712292362e+00 1.737540192035391673e+00 5.011145439778277311e-01 8.354914158221303511e-02 4.147429780371541597e+01 2.075154157613739514e+01 2.075150097018632422e+01 2.079662530494868022e+01 2.158843270246564305e-01 1.721036652519147836e-01 1.566988177691121947e-02 1.566988068208059054e-02 1.566987082934195169e-02 1.013751869280607315e-01 7.236124007904888578e-02 1.014729968017908240e-01 2.323999999999999955e-01 1.445447186947634299e-01 1.445447085956454158e-01 1.445446177103818786e-01 9.351217887767614423e-01 6.674865350319242330e-01 9.360240228130589646e-01 2.457843086885480588e-01 6.817916218843514745e-03
3.612098261152708295e-99 4.821616921328863441e+02 1.674036069978973584e-01 1.765101858052606221e-02 3.139072603213615480e+02 2.232939695732572000e+04 9.114452745585947468e+01 3.071030838225051411e+02 1.911340186663076793e+03 -9.999582695838200586e-01 -9.122952284583525293e-03 4.804503577782977611e-04 -2.401441776119085918e-03 2.117502476473978601e-01 -9.773208611805346280e-01 -8.814316101036254875e-03 9.772812309478162707e-01 2.117633194601749314e-01 2.490013126525132847e+00 1.737782954556892134e+00 5.011850527051082693e-01 8.356062527310488541e-02 4.147428366261042498e+01 2.075158856062881085e+01 2.075154795449300238e+01 2.079667246238547662e+01 2.158844128276195262e-01 1.721035242227523798e-01 1.567073381518647307e-02 1.567073271819955510e-02 1.567072284605575475e-02 1.013781068520966250e-01 7.236356682698129317e-02 1.014759182331442938e-01 2.323999999999999955e-01 1.445486483976310410e-01 1.445486382788977453e-01 1.445485472171095798e-01 9.351233002490261237e-01 6.674898509178287531e-01 9.360255236608387985e-01 2.470830474745134009e-01 6.073666477682804037e-03
4.461697387474962599e-99 4.817391112638613890e+02 9.096078877165365839e-02 9.070230310785096586e-05 3.710466352997925696e+03 8.177389998748706603e+03 9.114453312095928084e+01 3.720899113823135167e+02 3.710466427948352248e+03 -9.999692704797393805e-01 -7.839521426477629590e-03 -1.463768448149519757e-07 -7.839521421915058783e-03 9.999692702753278928e-01 -2.022137845715966248e-05 -3.048982763826285821e-07 2.021960953949005632e-05 9.999999997955373310e-01 2.490068576150585855e+00 1.737821434234685380e+00 5.011964258397194616e-01 8.356248819074321710e-02 4.147427433185154655e+01 2.075158542708969733e+01 2.075154482096620612e+01 2.079666931731211577e+01 2.158844071051710667e-01 1.721035336283957273e-01 1.567067698949778723e-02 1.567067589265468130e-02 1.567066602180510956e-02 1.013779121134653211e-01 7.236341164868459463e-02 1.014757233939874159e-01 2.323999999999999955e-01 1.445483863140542002e-01 1.445483761966290803e-01 1.445482851466139140e-01 9.351231994450706075e-01 6.674896297720326332e-01 9.360254235654615895e-01 2.472883703956362533e-01 9.869533168101725026e-03
4.978213928659928534e-99 4.815199274557349440e+02 2.357861918484097374e-01 8.596326536429675339e-07 1.848763894743782430e+03 7.963290607527116663e+03 9.114450714446508073e+01 9.392690936225491214e+02 1.848763894760864787e+03 -9.999954211263994974e-01 -3.026173530271126112e-03 -3.691704122360478300e-09 -3.026173530252076679e-03 9.999954211231936174e-01 -2.532046057326481817e-06 -1.135409797461085917e-08 2.532023291670337174e-06 9.999999999967942310e-01 2.490197221364405689e+00 1.737911211781834719e+00 5.012224979053249152e-01 8.356674716153647542e-02 4.147426906092790944e+01 2.075159979548668332e+01 2.075155918930669685e+01 2.079668373859774277e+01 2.158844333446275354e-01 1.721034905001847526e-01 1.567093755636459265e-02 1.567093645886204895e-02 1.567092658207796044e-02 1.013788050596878404e-01 7.236412319708918073e-02 1.014766168011531910e-01 2.323999999999999955e-01 1.445495880605895123e-01 1.445495779371658296e-01 1.445494868331673455e-01 9.351236616663693990e-01 6.674906438036749545e-01 9.360258825376767122e-01 2.477697634622381129e-01 1.078627144602949464e-02
6.626165062200785702e-99 4.809479173817081801e+02 3.396654189086340675e-02 1.081746500491066871e-05 4.514691435151908081e+03 9.597607396023249748e+03 9.114485065355194138e+01 1.630766482044568875e+02 4.514691436348013667e+03 -9.997828641738228939e-01 -2.083805423706304102e-02 -1.189472558501738859e-08 -2.083805423704597135e-02 9.997828641734782806e-01 -8.308028365235439365e-07 -2.920445738172965968e-08 8.303745765263695864e-07 9.999999999996547206e-01 2.489159785598477281e+00 1.737187238231845621e+00 5.010113239546103436e-01 8.353270117612124346e-02 4.147433876205843006e+01 2.075140979160988763e+01 2.075136918617700843e+01 2.079649303533404847e+01 2.158840863578467828e-01 1.721040608215508860e-01 1.566749204842711116e-02 1.566749095964394337e-02 1.566748116132831575e-02 1.013669969720699116e-01 7.235471396087143903e-02 1.014648026176478007e-01 2.323999999999999955e-01 1.445336964098781207e-01 1.445336863657781801e-01 1.445335959756396671e-01 9.351175491940346696e-01 6.674772343346444536e-01 9.360198130306099928e-01 2.439043432770370001e-01 8.464726666528463173e-03
6.637141607937284778e-99 4.809445070312773964e+02 3.793425114739253368e-01 7.980422051826779030e-06 7.078457513347437271e+03 7.942463314695140980e+03 9.114453192469396470e+01 1.507182051734671404e+03 7.078457513644935716e+03 -9.999982329704987238e-01 -1.879908476661098842e-03 -3.404132181578178823e-09 -1.879908476650570589e-03 9.999982329685098703e-01 -1.994314137744188371e-06 -7.153254219039783998e-09 1.994304214275327580e-06 9.999999999980113685e-01 2.490212746427398205e+00 1.737922050631987680e+00 5.012254523926901184e-01 8.356732362359603483e-02 4.147427408911373448e+01 2.075158608878037825e+01 2.075154548265428289e+01 2.079666998143839862e+01 2.158844083135463832e-01 1.721035316422621364e-01 1.567068898903020008e-02 1.567068789215673302e-02 1.567067802103385560e-02 1.013779532352555163e-01 7.236344441675131300e-02 1.014757645370050199e-01 2.323999999999999955e-01 1.445484416566764629e-01 1.445484315389751750e-01 1.445483404864738863e-01 9.351232207312468736e-01 6.674896764700745111e-01 9.360254447020115443e-01 2.478284492289495600e-01 1.087758337606356540e-02
7.848734509140668665e-99 4.806089651918803725e+02 5.363102125581014068e-01 2.063130189594636104e-06 6.735547629045802296e+02 7.936549037090022466e+03 9.114454689863458725e+01 6.735547628832931650e+02 2.129250120985676404e+03 -9.999991165564215967e-01 2.191644087415442720e-07 -1.329242765079682561e-03 -1.329242766901360352e-03 -8.532567056347088036e-06 9.999991165200405874e-01 -2.078223620869749669e-07 -9.999999999635736936e-01 -8.532850841010499766e-06 2.490218066099501915e+00 1.737925765588894000e+00 5.012264201769240923e-01 8.356753566023328306e-02 4.147427712749011874e+01 2.075157780624198622e+01 2.075153720014846215e+01 2.079666166841280983e+01 2.158843931880214950e-01 1.721035565031750481e-01 1.567053878835289113e-02 1.567053769185954015e-02 1.567052782415752354e-02 1.013774385040983189e-01 7.236303425130126421e-02 1.014752495401384375e-01 2.323999999999999955e-01 1.445477489198771781e-01 1.445477388056336521e-01 1.445476477842506102e-01 9.351229542868157996e-01 6.674890919393203781e-01 9.360251801304880770e-01 2.478486890605531012e-01 5.418062252765089353e-37
8.393384360084695022e-99 4.804745821726862118e+02 4.872286174771077727e-01 4.984454089018269807e-02 7.973580357373461993e+02 1.379005288788725738e+05 9.114456209598343150e+01 7.815407206439194852e+02 3.429093461411790486e+04 -9.999933852493688713e-01 -3.637229505808782948e-03 4.362392908828984418e-06 -7.337366497980452561e-04 2.005532053986424368e-01 -9.796825370674210332e-01 -3.562455338266153331e-03 9.796760599125876601e-01 2.005545475577924508e-01 2.490190109917327810e+00 1.737906497796967376e+00 5.012204135164626262e-01 8.356664307773770117e-02 4.147429168855595094e+01 2.075156940013634355e+01 2.075152879407587037e+01 2.079665323136509514e+01 2.158843778368255140e-01 1.721035817350106967e-01 1.567038634749991569e-02 1.567038525139235680e-02 1.567037538716219841e-02 1.013769160936484198e-01 7.236261796697338045e-02 1.014747268600129509e-01 2.323999999999999955e-01 1.445470458478249898e-01 1.445470357370908787e-01 1.445469447472902957e-01 9.351226838665398500e-01 6.674884986871764125e-01 9.360249116110626044e-01 2.477467903042352981e-01 1.053166158318918737e-02
1.422670998343348747e-98 4.794191274463848345e+02 8.369675253948058447e-02 9.897471998811895304e-04 5.896739280052060167e+03 8.232573912329242376e+03 9.114465670438322320e+01 3.446848665839358432e+02 5.896744933930398474e+03 -9.999639096995488474e-01 -8.495840040101173413e-03 -6.364867800719552071e-07 -8.495839960761983681e-03 9.999639064248978526e-01 -8.093712657290481405e-05 -1.324092687657378670e-06 8.092879803786851673e-05 9.999999967243879961e-01 2.490049462431684013e+00 1.737808114165615647e+00 5.011917290526268776e-01 8.356212337543157676e-02 4.147429940830132722e+01 2.075151706956423681e+01 2.075147646370952970e+01 2.079660070816911954e+01 2.158842822706469045e-01 1.721037388113919320e-01 1.566943737185864591e-02 1.566943627815267290e-02 1.566942643553512898e-02 1.013736639289205266e-01 7.236002647874910376e-02 1.014714730164250067e-01 2.323999999999999955e-01 1.445426690028871475e-01 1.445426589140003104e-01 1.445425681208099833e-01 9.351210004006559329e-01 6.674848054941595610e-01 9.360232399785761714e-01 2.472192754189111441e-01 9.611233012328636652e-03
1.778358336862285696e-98 4.789727183132798132e+02 8.684058054815174676e-02 3.912150968754254688e-07 8.791032105087751916e+03 8.213674671359269269e+03 9.114467534999177190e+01 3.568112286965695716e+02 8.791032105088341268e+03 -9.999665036928180317e-01 -8.184833068629724165e-03 -1.133812949279364434e-10 -8.184833068629717226e-03 9.999665036928178097e-01 -1.483986014458465214e-08 -2.348392751184895532e-10 1.483843505709861831e-08 9.999999999999997780e-01 2.490063525575105796e+00 1.737817931774718883e+00 5.011944314686651580e-01 8.356263704566362083e-02 4.147430319155610334e+01 2.075150675618276352e+01 2.075146615036861775e+01 2.079659035682503898e+01 2.158842634362712065e-01 1.721037697683253376e-01 1.566925034951192550e-02 1.566924925627924056e-02 1.566923941792099095e-02 1.013730229877386618e-01 7.235951574643889606e-02 1.014708317443614727e-01 2.323999999999999955e-01 1.445418064068290098e-01 1.445417963222478119e-01 1.445417055678057394e-01 9.351206686173826332e-01 6.674840776310302370e-01 9.360229105274499029e-01 2.472722966245763099e-01 9.663267167997509691e-03
1.879524185434595854e-98 4.788619623215255956e+02 3.070603898415759092e-01 3.452547856875108900e-01 5.684312500349878064e+03 3.032321542646830858e+04 9.114463463474076832e+01 2.098408252853857903e+03 1.261727299702785967e+04 -9.999991184467037497e-01 -1.327257873987282592e-03 -3.863096304207835598e-05 -1.238114809312130995e-03 9.425583390232984415e-01 -3.340392860268984743e-01 -4.797682089601027931e-04 3.340389437238973636e-01 9.425591514055171594e-01 2.490223132478415202e+00 1.737929544028196327e+00 5.012265748363764484e-01 8.356791307006032621e-02 4.147430585152184079e+01 2.075152927688263560e+01 2.075148867097993843e+01 2.079661296042153040e+01 2.158843045637185709e-01 1.721037021696084912e-01 1.566965874007590978e-02 1.566965764580972170e-02 1.566964779815064809e-02 1.013744225717412295e-01 7.236063100207809629e-02 1.014722320508859715e-01 2.323999999999999955e-01 1.445436900044454187e-01 1.445436799104621861e-01 1.445435890714079352e-01 9.351213931107241750e-01 6.674856670196871455e-01 9.360236299282265193e-01 2.478718912286677345e-01 9.580766490718733985e-03
3.562665562511419795e-98 4.775828815890300802e+02 1.374155055975562721e-02 2.023398320531981392e-07 6.872803928713702817e+02 1.557160402620057903e+04 9.114693133249984669e+01 1.070376682614241588e+02 6.872803928787734549e+02 -9.987988205736583192e-01 -4.899914306056301488e-02 -9.538551662002935404e-09 -4.899914306054294760e-02 9.987988205733917546e-01 -7.311934101203505769e-07 -4.535494465741486806e-08 7.298477347819605142e-07 9.999999999997326583e-01 2.484389657989374722e+00 1.733858487438297402e+00 5.000369336359633543e-01 8.337726888700308647e-02 4.147476091816650268e+01 2.075025898535281144e+01 2.075021838444498457e+01 2.079533799299790431e+01 2.158819845991811481e-01 1.721075153625674925e-01 1.564663082967670746e-02 1.564662979366392842e-02 1.564662047024626204e-02 1.012954781710252994e-01 7.229772878511825374e-02 1.013932468723950653e-01 2.323999999999999955e-01 1.444374412663452789e-01 1.444374317026867194e-01 1.444373456361970065e-01 9.350805191315511022e-01 6.673960080456786681e-01 9.359830432094502495e-01 2.265515291927840125e-01 7.736245841051224426e-02
4.326312310054828857e-98 4.771943685881335000e+02 3.259936091406789166e-02 2.423425001060816875e-01 4.099147182845171301e+03 1.203913654956717073e+05 9.114480247679131253e+01 2.725602454292348966e+02 2.952657812569111047e+04 -9.999400132066098568e-01 -1.095307947528713702e-02 -6.194530409037105367e-06 -1.092892091403568390e-02 9.977717285231653133e-01 -6.581896723247124270e-02 -7.271011063921918940e-04 6.581495126414978192e-02 9.978315807359869893e-01 2.489939058272549133e+00 1.737731323358441493e+00 5.011682332538399676e-01 8.355875606369773945e-02 4.147434032220993316e+01 2.075143643923602710e+01 2.075139583369836771e+01 2.079651978104784504e+01 2.158841350223919264e-01 1.721039808345380395e-01 1.566797525256240220e-02 1.566797416255646946e-02 1.566796435323684553e-02 1.013686530308292311e-01 7.235603357364192578e-02 1.014664595314066081e-01 2.323999999999999955e-01 1.445359251884568708e-01 1.445359151332319125e-01 1.445358246429761795e-01 9.351184064783627514e-01 6.674791150070927825e-01 9.360206642891213402e-01 2.468115989143776501e-01 8.807175124235693334e-03
5.036546167178100183e-98 4.768902584996774294e+02 2.448799851196507490e-02 1.288738228992437527e-04 4.512867640809646218e+03 1.093098289475848105e+04 9.114536673771694097e+01 1.339021304546720899e+02 4.512867860984040817e+03 -9.995921965408464116e-01 2.855592083309682963e-02 -1.418826338739481532e-07 -2.855592083055906449e-02 -9.995921964980274410e-01 -9.261118557003705367e-06 -4.062845419787069890e-07 -9.253290251560392221e-06 9.999999999571058673e-01 2.488242115896972528e+00 1.736546876608390910e+00 5.008230724666938860e-01 8.350305975273727976e-02 4.147444347738140635e+01 2.075112433824929070e+01 2.075108373393883099e+01 2.079620653123990337e+01 2.158835650475249002e-01 1.721049176686248461e-01 1.566231631869737309e-02 1.566231524301022263e-02 1.566230556254993508e-02 1.013492570140801657e-01 7.234057831548718065e-02 1.014470534994512257e-01 2.323999999999999955e-01 1.445098212057915055e-01 1.445098112808637647e-01 1.445097219631947261e-01 9.351083653546484742e-01 6.674570878009223884e-01 9.360106937413288364e-01 2.405159775967500024e-01 1.125817290945159768e-02
5.753949647503129733e-98 4.766238265969897725e+02 3.525968402198066676e-02 6.417844683098938717e-06 1.811875852953231515e+03 9.503597485879976375e+03 9.114504094295566006e+01 1.676266266891241798e+02 1.811875853989350844e+03 -9.998002503948836273e-01 -1.998647818717546459e-02 -4.358620502589415437e-08 -1.998647818694035405e-02 9.998002503899654503e-01 -3.137596692180174604e-06 -1.062870065468502537e-07 3.136098823743894400e-06 9.999999999950767160e-01 2.489258034069917080e+00 1.737255835830187500e+00 5.010297913495416200e-01 8.353642403406015549e-02 4.147437737285870440e+01 2.075130453900029437e+01 2.075126393398127078e+01 2.079638739529788083e+01 2.158838941416489909e-01 1.721043767559171100e-01 1.566558355834682392e-02 1.566558247439292506e-02 1.566557271953752245e-02 1.013604558812788714e-01 7.234950180151637766e-02 1.014582581495792613e-01 2.323999999999999955e-01 1.445248931653728419e-01 1.445248831652141686e-01 1.445247931705178346e-01 9.351141630233164026e-01 6.674698059914181414e-01 9.360164506607222545e-01 2.442734514478814845e-01 8.206100682761346618e-03
6.076247197693501494e-98 4.765147250890579471e+02 1.733877200669723187e-02 3.998439353756864240e-02 9.929445655523347796e+02 2.017024153847164416e+04 9.114532104959280900e+01 1.352855189839110039e+02 1.284039391049377400e+03 -9.996302813242065044e-01 -2.718483145439780022e-02 -5.344141504387111673e-04 -2.703583519067219096e-02 9.958579980809930676e-01 -8.680962661859170648e-02 -2.892105674247670132e-03 8.676308314549734113e-02 9.962247754035514768e-01 2.488428677854540361e+00 1.736677242270896482e+00 5.008607410261167736e-01 8.350922662648849193e-02 4.147444237681947499e+01 2.075114960868308245e+01 2.075110900427326044e+01 2.079623189469264943e+01 2.158836111983759298e-01 1.721048418131620739e-01 1.566277448102258024e-02 1.566277340417624592e-02 1.566276371328409120e-02 1.013508274864486913e-01 7.234182968890161269e-02 1.014486247828464277e-01 2.323999999999999955e-01 1.445119348290310191e-01 1.445119248935532730e-01 1.445118354809414030e-01 9.351091784112705030e-01 6.674588713565440257e-01 9.360115010834514360e-01 2.412057877183150512e-01 8.546155257710052675e-03
7.881723419258770129e-98 4.759943064494638065e+02 4.323216252027678452e-02 1.393389889362857317e-03 2.236072887263866960e+03 9.015273976985488844e+03 9.114497109289001742e+01 1.949646469011797478e+02 2.236108467697525612e+03 -9.998667026920270429e-01 -1.632718007385583134e-02 -6.213701778890217862e-06 -1.632717502765031886e-02 9.998665812730248570e-01 -4.929594404600279962e-04 -1.426151030820715744e-05 4.927922780971611110e-04 9.999998784761826576e-01 2.489584658867717071e+00 1.737483776688004244e+00 5.010960134076706263e-01 8.354722884856168041e-02 4.147436320163313894e+01 2.075134317425145980e+01 2.075130256908052218e+01 2.079642617276247663e+01 2.158839646990131644e-01 1.721042607849509465e-01 1.566628409870080008e-02 1.566628301297427750e-02 1.566627324216647230e-02 1.013628569306483512e-01 7.235141503050100675e-02 1.014606604386898564e-01 2.323999999999999955e-01 1.445281245926471336e-01 1.445281145763588349e-01 1.445280244365069744e-01 9.351154060045618888e-01 6.674725327398953745e-01 9.360176849053379877e-01 2.454887115114961216e-01 8.130004002828917359e-03
1.220417969737284416e-97 4.751195426430132329e+02 5.426168100261848926e-01 6.086449845512089535e-02 1.161553135300147005e+03 1.452225268675752341e+04 9.114482423894840224e+01 1.131363887799242548e+03 4.047078145696386400e+03 -9.999975677735922774e-01 -2.178974037244521458e-03 3.413488597856592795e-04 -8.488075963889867319e-04 2.373650925611530682e-01 -9.714201420390149444e-01 -2.035674965060731752e-03 9.714180690647978844e-01 2.373663647652219377e-01 2.490227111809265370e+00 1.737932305454161996e+00 5.012261243223410379e-01 8.356846882937182808e-02 4.147434215023182702e+01 2.075142440210001382e+01 2.075138379660968724e+01 2.079650769960416667e+01 2.158841130398970187e-01 1.721040169658542285e-01 1.566775698110219744e-02 1.566775589164861454e-02 1.566774608729970542e-02 1.013679049640422020e-01 7.235543748410071252e-02 1.014657110784059901e-01 2.323999999999999955e-01 1.445349184158264133e-01 1.445349083656268241e-01 1.445348179205955819e-01 9.351180192310080130e-01 6.674782654798512294e-01 9.360202797637179328e-01 2.478901051287788759e-01 3.513250855588770719e-03
1.446184171574364931e-97 4.747799724757271065e+02 5.973270713993615588e-02 1.307134227719116692e-07 5.825771685832636649e+03 8.529556159191504776e+03 9.114493842598305662e+01 2.548682135411404488e+02 5.825771685832743060e+03 -9.999300554795255147e-01 1.182726294261304302e-02 -8.625062976857730309e-11 -1.182726294261303088e-02 -9.999300554795250706e-01 -8.377583235844503814e-09 -1.853284767635973267e-10 -8.375977160925097316e-09 1.000000000000000000e+00 2.489898150500029494e+00 1.737702557663577174e+00 5.011593366543982686e-01 8.355767610717655669e-02 4.147435657164118794e+01 2.075136124291714168e+01 2.075132063767515689e+01 2.079644430793749876e+01 2.158839976966938357e-01 1.721042065486192707e-01 1.566661172743455052e-02 1.566661064087900013e-02 1.566660086261042681e-02 1.013639798366260947e-01 7.235230979893983450e-02 1.014617839244458947e-01 2.323999999999999955e-01 1.445296358418556304e-01 1.445296258180240045e-01 1.445295356102866691e-01 9.351159873078541684e-01 6.674738079610444963e-01 9.360182621227516320e-01 2.466587769757605797e-01 8.683280258750720321e-03
1.805019811126307102e-97 4.743364863046106166e+02 2.965930083732021966e-02 1.361685469388888015e-01 2.372905416085911384e+03 4.960266252775867179e+04 9.114497016052081335e+01 2.427904824131290411e+02 7.192693600980905103e+03 -9.999235360891327584e-01 -1.236602575557497509e-02 -5.815512216746567963e-05 -1.230258234553791366e-02 9.952477358746867342e-01 -9.659498280936151815e-02 -1.252374798946572203e-03 9.658688132102648261e-02 9.953237693906646921e-01 2.489867299447617643e+00 1.737681262762839962e+00 5.011526444111176204e-01 8.355672292333858608e-02 4.147437404219403589e+01 2.075134368996153356e+01 2.075130308478857444e+01 2.079642669037084346e+01 2.158839656408233498e-01 1.721042592369533830e-01 1.566629344973212434e-02 1.566629236398194361e-02 1.566628259296119763e-02 1.013628889802725142e-01 7.235144056867083562e-02 1.014606925048620045e-01 2.323999999999999955e-01 1.445281677262584552e-01 1.445281577097548842e-01 1.445280675679654625e-01 9.351154225959833477e-01 6.674725691368994518e-01 9.360177013801415091e-01 2.465465428011353599e-01 7.811212847839410327e-03
2.458769716524355673e-97 4.737181072202224072e+02 2.196722484031686864e-02 3.747149920872455729e-08 8.521978921452124496e+02 1.155056585254539641e+04 9.114568733340482254e+01 1.269263909072469971e+02 8.521978921453248859e+02 -9.995008236198328344e-01 -3.159277739098215187e-02 -1.144311480251519286e-09 -3.159277739098196452e-02 9.995008236198297258e-01 -7.728768966019568409e-08 -3.585473041486894295e-09 7.721295749317807204e-08 9.999999999999970024e-01 2.487806893733767399e+00 1.736243184924223248e+00 5.007332706788096832e-01 8.348917103168106146e-02 4.147450852564966794e+01 2.075094701611379833e+01 2.075090641250057644e+01 2.079602855639065950e+01 2.158832412045146865e-01 1.721054499506445012e-01 1.565910157420099397e-02 1.565910050664684819e-02 1.565909089937820783e-02 1.013382370369654562e-01 7.233179755138273437e-02 1.014360278308443220e-01 2.323999999999999955e-01 1.444949898748557338e-01 1.444949800239568871e-01 1.444948913724989348e-01 9.351026599582681342e-01 6.674445724291467874e-01 9.360050284437412271e-01 2.389191776717638771e-01 1.371151270930514102e-02
3.613065197622082467e-97 4.729480164448675623e+02 2.683229162031663950e-01 6.590843867875883585e-07 4.343456188869042194e+02 7.993526297384244572e+03 9.114493488791964637e+01 4.343456188807870149e+02 1.072934559600296552e+03 -9.999965328186278812e-01 1.798389923349470002e-07 -2.633315531975020246e-03 -2.633315532984332671e-03 -5.863820222171915036e-06 9.999965328014490673e-01 -1.643970799296991096e-07 -9.999999999827915431e-01 -5.864273464055609619e-06 2.490229011114087676e+00 1.737933465080828910e+00 5.012259556257006032e-01 8.356877143050710222e-02 4.147435585374763889e+01 2.075136319988675382e+01 2.075132259463707030e+01 2.079644627211056118e+01 2.158840012705820210e-01 1.721042006744311903e-01 1.566664721222729359e-02 1.566664612558194350e-02 1.566663634650531864e-02 1.013641014556126430e-01 7.235240670906131766e-02 1.014619056062261299e-01 2.323999999999999955e-01 1.445297995211935194e-01 1.445297894965448249e-01 1.445296992814550929e-01 9.351160502670716745e-01 6.674739460766748733e-01 9.360183246394386813e-01 2.478974651705006804e-01 2.864186544042447773e-39
4.101720645867747727e-97 4.726942163286510663e+02 5.679230184687080740e-01 1.199090958543323256e-06 4.203280568693203350e+03 7.971942045211452751e+03 9.114494441120321255e+01 2.264803980975110790e+03 4.203280568708517421e+03 -9.999992263854722285e-01 -1.243876383485101192e-03 -9.012474454536600284e-10 -1.243876383481698532e-03 9.999992263839857509e-01 -1.724207326242186036e-06 -3.045947521578849073e-09 1.724204871329936203e-06 9.999999999985137444e-01 2.490243010886110664e+00 1.737943237032854915e+00 5.012287079825532565e-01 8.356926256124713737e-02 4.147435778607669477e+01 2.075135793237975079e+01 2.075131732715079735e+01 2.079644098521429996e+01 2.158839916508699386e-01 1.721042164857815027e-01 1.566655169912898465e-02 1.566655061272533012e-02 1.566654083582373971e-02 1.013637740980178475e-01 7.235214585950806854e-02 1.014615780796115224e-01 2.323999999999999955e-01 1.445293589511786603e-01 1.445293489287291233e-01 1.445292587334298384e-01 9.351158808018428248e-01 6.674735743155436607e-01 9.360181563653539039e-01 2.479501431879275464e-01 1.051436826940217208e-02
4.160561781871653282e-97 4.726656292216957809e+02 1.678673610422925372e-02 9.342473048670162095e-02 4.926652815866262245e+03 1.445044596050949258e+04 9.114611516812165348e+01 1.170263303249142126e+02 5.108428533732387223e+03 -9.992998208158435647e-01 -3.741472532805747292e-02 -8.028729187494295554e-05 -3.741348500066531829e-02 9.992801611712480714e-01 -6.276195477304092989e-03 -3.150516278533252142e-04 6.268797188484881780e-03 9.999803012681207637e-01 2.486832536732410670e+00 1.735563296234236219e+00 5.005341634120952232e-01 8.345743096555696683e-02 4.147459767140301068e+01 2.075071038440771432e+01 2.075066978172494814e+01 2.079579105365112923e+01 2.158828090353042128e-01 1.721061602825733339e-01 1.565481205023926126e-02 1.565481099353582817e-02 1.565480148391627802e-02 1.013235311591281496e-01 7.232008012213060610e-02 1.014213143564051678e-01 2.323999999999999955e-01 1.444751976418525152e-01 1.444751878897432840e-01 1.444751001273249513e-01 9.350950457282373174e-01 6.674278704585111521e-01 9.359974677252125286e-01 2.353594910392520778e-01 2.159662599032215191e-02
4.996843290102192946e-97 4.722991166972959149e+02 9.665464985000177256e-02 5.102476247321966477e-05 2.750439301971762802e+02 8.190759957091921933e+03 9.114500051785491053e+01 2.750436365519940978e+02 3.960264221044854480e+02 -9.999733605754518306e-01 4.976888111855595428e-05 -7.299017913133290861e-03 -7.299104098096874209e-03 -2.035355231701278800e-03 9.999712897920848276e-01 -3.491135794785414214e-05 -9.999979274239217952e-01 -2.035664279253283221e-03 2.490117631632484674e+00 1.737855743537200404e+00 5.012030862814322862e-01 8.356518058287906725e-02 4.147436917056725747e+01 2.075132689878941505e+01 2.075128629368247246e+01 2.079640983739170323e+01 2.158839349760959814e-01 1.721043096387504800e-01 1.566598898776659643e-02 1.566598790278682027e-02 1.566597813869919503e-02 1.013618454661089491e-01 7.235060906384305213e-02 1.014596484519033059e-01 2.323999999999999955e-01 1.445267633243826899e-01 1.445267533148891503e-01 1.445266632361854042e-01 9.351148823890159667e-01 6.674713840735129189e-01 9.360171649701767294e-01 2.474813988249883745e-01 1.740675426107382149e-21
5.927659235771398244e-97 4.719573706344501716e+02 2.400995049281447191e-01 1.683738640918333238e-02 5.823064080388924140e+02 9.052116561810260464e+03 9.114498847327377007e+01 5.746005872888598560e+02 1.101802393811292177e+03 -9.999939493448808392e-01 -2.748128606949372128e-03 2.132853203644612550e-03 -2.617933380529777199e-03 1.907621339111549297e-01 -9.816328003334432450e-01 -2.290785551669665722e-03 9.816324444795120341e-01 1.907681740928869885e-01 2.490219339765866735e+00 1.737926788982822490e+00 5.012235660547144089e-01 8.356856994948581863e-02 4.147436983491822815e+01 2.075133356085463632e+01 2.075129295572150312e+01 2.079641652397948803e+01 2.158839471426391987e-01 1.721042896413234047e-01 1.566610978576983559e-02 1.566610870048439075e-02 1.566609893364600062e-02 1.013622594907811203e-01 7.235093897150249309e-02 1.014600626903488095e-01 2.323999999999999955e-01 1.445273205349993650e-01 1.445273105227244947e-01 1.445272204189909093e-01 9.351150967218897492e-01 6.674718542596166371e-01 9.360173777965512532e-01 2.478629779522832643e-01 8.922062632944619594e-05
6.322862551549015675e-97 4.718281853574742968e+02 6.841653112183039565e-02 1.783472889890009780e-02 3.491868261754546552e+02 1.610202091091756483e+04 9.114505479969790258e+01 2.970453597917771162e+02 6.478179905159264536e+02 -9.999523427386012298e-01 -9.718642286829082613e-03 9.274932260490042135e-04 -6.501679365589285199e-03 5.920504136348878621e-01 -8.058747023453372016e-01 -7.282885211973321934e-03 8.058423268275618501e-01 5.920853856295814621e-01 2.490016016828785705e+00 1.737785023915135785e+00 5.011820441752288247e-01 8.356190109806328759e-02 4.147438920265994966e+01 2.075129687461858552e+01 2.075125626962969960e+01 2.079637970270415792e+01 2.158838801445906452e-01 1.721043997620555210e-01 1.566544458828565689e-02 1.566544350468340036e-02 1.566543375299251847e-02 1.013599795660067443e-01 7.234912226005631164e-02 1.014577815883645623e-01 2.323999999999999955e-01 1.445242521206996089e-01 1.445242421237406816e-01 1.445241521578400357e-01 9.351139164413350136e-01 6.674692650627139789e-01 9.360162058118981498e-01 2.471040448638419929e-01 7.453036276235714547e-03
6.855569124261429178e-97 4.716663067738460882e+02 1.817949735822185775e-01 8.724070464310361645e-05 3.779702868430221656e+02 8.033944793243309505e+03 9.114500527417447984e+01 3.779700526744425133e+02 7.306135274404981601e+02 -9.999924710089799218e-01 3.436615088732750356e-05 -3.880302091572628356e-03 -3.880343721493908528e-03 -1.307876374508257222e-03 9.999916161608514154e-01 -2.929090733552347254e-05 -9.999991441388119684e-01 -1.307999879996607495e-03 2.490213101456563383e+00 1.737922372777672475e+00 5.012222694463102091e-01 8.356839507528807109e-02 4.147437013571395426e+01 2.075132426798828433e+01 2.075128366289170145e+01 2.079640719690680939e+01 2.158839301716141967e-01 1.721043175355927990e-01 1.566594128563002578e-02 1.566594020077095514e-02 1.566593043776958599e-02 1.013616819707734845e-01 7.235047878577378910e-02 1.014594848721499104e-01 2.323999999999999955e-01 1.445265432859077492e-01 1.445265332775125533e-01 1.445264432086929285e-01 9.351147977503903030e-01 6.674711984003048881e-01 9.360170809264566349e-01 2.478392286373817810e-01 1.542366495607096776e-21
1.024971020228197582e-96 4.708617305749733646e+02 2.199673482448608330e-01 2.810013626095547029e-03 6.422712835056528093e+03 8.017677873097268275e+03 9.114504303252320483e+01 8.822276050907877334e+02 6.422753145220925944e+03 -9.999948667737738051e-01 -3.204126067287878243e-03 -1.499032692020247020e-06 -3.204124946871407271e-03 9.999947465294524163e-01 -4.904047520326552815e-04 -3.070343466405828284e-06 4.903974315860759603e-04 9.999998797504588977e-01 2.490227350964463682e+00 1.737932323468018181e+00 5.012248779292030054e-01 8.356895778943040920e-02 4.147437779757581211e+01 2.075130338322730239e+01 2.075126277821282983e+01 2.079638623527057462e+01 2.158838920309221754e-01 1.721043802251941701e-01 1.566556260191173666e-02 1.566556151801086830e-02 1.566555176363267077e-02 1.013603840539170076e-01 7.234944456742484209e-02 1.014581862851298699e-01 2.323999999999999955e-01 1.445247964971720089e-01 1.445247864974958663e-01 1.445246965071418921e-01 9.351141258393018685e-01 6.674697244205245461e-01 9.360164137380642124e-01 2.478934000463152987e-01 1.024501688744254221e-02
1.431695835238613602e-96 4.701931399726223049e+02 3.254707893232587912e-01 7.542943378125639697e-02 1.210289698253706547e+03 1.206735065786886553e+05 9.114507412935307684e+01 1.098285493750008527e+03 2.165082435002608327e+04 -9.999967087132407562e-01 -2.565644557567265532e-03 5.539883897885593726e-06 -1.086735972136769436e-03 4.216129481459113815e-01 -9.067752428031110590e-01 -2.324127279851962834e-03 9.067722643661514370e-01 4.216143486750298375e-01 2.490238097053250499e+00 1.737940062765892968e+00 5.012265584537674012e-01 8.356939930815050765e-02 4.147439530929841567e+01 2.075128618309198458e+01 2.075124557814514503e+01 2.079636897182282240e+01 2.158838606191976206e-01 1.721044318547919894e-01 1.566525073117047001e-02 1.566524964805873429e-02 1.566523990078219630e-02 1.013593151239485374e-01 7.234859281441329004e-02 1.014571168032227383e-01 2.323999999999999955e-01 1.445233578868618807e-01 1.445233478943665217e-01 1.445232579686347441e-01 9.351135724676079564e-01 6.674685104862693175e-01 9.360158642558622510e-01 2.479368308791324860e-01 1.021302473447821373e-02
1.562404539888598325e-96 4.700183072408773342e+02 5.239361365516727043e-01 3.778902336936254341e-05 3.271919510651079236e+03 7.985497386809221098e+03 9.114507969262226084e+01 2.092939589418798732e+03 3.271919534189688420e+03 -9.999990966850750285e-01 -1.344109010826360874e-03 -2.446847425006651948e-08 -1.344109001704934820e-03 9.999990917140062496e-01 -9.971035197178946131e-05 -1.584900345836442962e-07 9.971022901364385649e-05 9.999999950289225614e-01 2.490250668128461076e+00 1.737948602286639055e+00 5.012293190973194923e-01 8.356982234460841319e-02 4.147438523532908761e+01 2.075128310596503667e+01 2.075124250103029411e+01 2.079636588336919445e+01 2.158838549995927281e-01 1.721044410914051859e-01 1.566519493738055546e-02 1.566519385440999154e-02 1.566518410840393380e-02 1.013591238909584274e-01 7.234844043484486842e-02 1.014569254714891011e-01 2.323999999999999955e-01 1.445231005174400229e-01 1.445230905262293031e-01 1.445230006120584998e-01 9.351134734683435035e-01 6.674682933114844952e-01 9.360157659524332985e-01 2.479815548576278783e-01 1.037868040040349979e-02
